Days of work since onboarding:
[86, 85, 68, 64, 56, 30, 49, 61, 51, 51, 48, 76, 61, 53, 76, 73, 8, 30, 41, 66, 39, 79, 31, 57, 13, 67, 74, 36, 81, 27, 71, 67, 87, 33, 80, 28, 74, 87, 62, 43, 83, 54, 22, 82, 69, 76, 59, 21, 27, 7, 81, 81, 63, 17, 22, 24, 61, 36, 52, 79, 46, 27, 89, 48, 28, 54, 66, 32, 75, 17, 42, 3, 47, 63, 25, 66, 50, 83, 33, 70, 65, 63, 87, 66, 82, 83, 65, 75, 67, 43, 28, 55, 4, 43, 76, 64, 79, 61, 43, 28, 43, 74, 44, 41, 74, 45, 61, 49, 69, 61, 87, 86, 87, 64, 51, 80, 55, 82, 78, 68, 43, 55, 67, 87, 86, 80, 85, 9, 29, 46, 72, 50, 75, 72, 78, 78, 37, 79, 67, 8, 88, 18, 39, 56, 63, 87, 73, 82, 64, 78, 41, 63, 73, 80, 82, 61, 35, 78, 48, 13, 76, 4, 54, 37, 40, 86, 40, 8, 28, 28, 64, 46, 56, 70, 42, 82, 59, 55, 39, 68, 59, 70, 20, 70, 61, 84, 50, 70, 64, 71, 60, 40, 55, 56, 42, 88, 62, 5, 21, 86, 71, 34, 80, 73, 58, 82, 72, 73, 37, 34, 50, 45, 84, 82, 66, 88, 46, 29, 77, 56, 56, 4, 51, 22, 32, 53, 48, 74, 65, 77, 79, 47, 62, 81, 13, 29, 66, 19, 65, 33, 51, 60, 48, 61, 49, 40, 89, 75, 58, 52, 51, 66, 59, 28, 73, 37, 56, 39, 70, 60, 36, 53, 45, 71, 43, 20, 78, 76, 81, 52, 87, 74, 75, 73, 31, 51, 49, 30, 34, 82, 46, 70, 78, 33, 50, 47, 57, 28, 73, 46, 45, 45, 31, 31, 45, 70, 47, 59, 34, 84, 45, 64, 67, 38, 46, 74, 66, 66, 82, 75, 39, 69, 79, 74, 57, 17, 53, 61, 18, 78, 88, 28, 81, 74, 47, 56, 27, 46, 45, 53, 89, 83, 80, 66, 65, 44, 48, 49, 81, 43, 55, 47, 81, 76, 42, 53, 35, 52, 84, 80, 1, 53, 56, 65, 71, 53, 32, 44, 61, 49, 39, 45, 49, 83, 73, 19, 88, 29, 7, 32, 55, 37, 88, 1, 70, 87, 6, 67, 56, 44, 85, 33, 43, 59, 69, 80, 57, 90, 57, 69, 56, 38, 78, 25, 75, 51, 44, 25, 87, 55, 53, 90, 70, 25, 52, 63, 44, 43, 28, 44, 57, 60, 27, 67, 46, 42, 40, 59, 35, 57, 31, 15, 67, 52, 37, 89, 23, 46, 60, 79, 12, 43, 80, 56, 78, 41, 49, 63, 64, 44, 43, 80, 58, 47, 68, 76, 70, 8, 19, 13, 64, 72, 26, 11, 66, 45, 48, 58, 54, 71, 71, 16, 28, 21, 15, 57, 44, 7, 57, 80, 65, 84, 40, 74, 72, 63, 86, 89, 33, 65, 62, 53, 69, 41, 70, 70, 89, 64, 27, 79, 62, 82, 36, 24, 30, 53, 32, 88, 72, 78, 55, 73, 67, 57, 69, 43, 77, 89, 49, 51, 65, 21, 55, 72, 8, 51, 63, 70, 35, 64, 60, 69, 23, 46, 56, 26, 71, 18, 67, 87, 89, 82, 67, 66, 74, 60, 57, 43, 26, 77, 78, 82, 76, 58, 6, 39, 87, 52, 71, 82, 2, 44, 45, 73, 59, 88, 16, 50, 65, 65, 84, 64, 85, 51, 59, 47, 43, 76, 56, 71, 28, 66, 31, 86, 59, 60, 37, 58, 53, 79, 44, 45, 55, 36, 40, 35, 67, 26, 46, 52, 4, 10, 66, 13, 67, 65, 12, 72, 46, 50, 29, 45, 44, 44, 41, 42, 44, 32, 61, 82, 35, 53, 66, 63, 65, 78, 72, 44, 54, 60, 58, 88, 52, 67, 4, 75, 70, 49, 15, 45, 66, 42, 62, 44, 58, 63, 1, 80, 12, 72, 82, 50, 86, 27, 21, 22, 48, 36, 14, 70, 70, 86, 88, 54, 89, 45, 79, 86, 57, 46, 75, 64, 12, 73, 67, 64, 82, 73, 77, 51, 66, 46, 66, 73, 69, 77, 73, 11, 51, 16, 79, 43, 73, 80, 10, 16, 67, 79, 56, 74, 27, 52, 88, 20, 39, 68, 79, 23, 82, 48, 73, 67, 88, 76, 84, 78, 76, 52, 8, 57, 11, 74, 14, 29, 78, 60, 56, 55, 5, 50, 52, 70, 47, 80, 86, 73, 15, 15, 78, 45, 47, 15, 46, 77, 81, 70, 14, 42, 56, 66, 69, 25, 66, 21, 83, 82, 87, 48, 65, 53, 17, 61, 53, 46, 66, 74, 85, 63, 29, 14, 62, 63, 3, 47, 19, 45, 56, 50, 14, 68, 49, 85, 56, 45, 73, 70, 64, 58, 49, 61, 30, 72, 71, 37, 81, 87, 59, 65, 78, 79, 51, 61, 66, 12, 88, 55, 75, 71, 54, 24, 30, 61, 46, 38, 52, 81, 77, 57, 31, 66, 87, 35, 35, 58, 35, 28, 29, 48, 59, 42, 63, 72, 79, 70, 16, 63, 27, 5, 86, 81, 71, 26, 61, 81, 34, 51, 54]


Array of driver inactivity:
[0,0,0,0,0,0,0,0,0,0,0,0,0,0,0,0,0,0,0,0,0,0,0,0,0,0,0,0,0,0,0,0,0,0,0,0,0,0,0,0,0,0,0,0,0,0,0,0,0,0,0,0,0,0,0,0,0,0,0,0,0,0,0,0,0,0,0,0,0,0,0,0,0,0,0,0,0,0,0,0,0,0,0,0,0,0,0,0,0,0,0,0,0,0,0,0,0,0,0,0,0,0,0,0,0,0,0,0,0,0,0,0,0,0,0,0,0,0,0,0,0,0,0,0,0,0,0,0,0,0,0,0,0,0,0,0,0,0,0,0,0,0,0,0,0,0,0,0,0,0,0,0,0,0,0,0,0,0,0,0,0,0,0,0,0,0,0,0,0,0,0,0,0,0,0,0,0,0,0,0,0,0,0,0,0,0,0,0,0,0,0,0,0,0,0,0,0,0,0,0,0,0,0,0,0,0,0,0,0,0,0,0,0,0,0,0,0,0,0,0,0,0,0,0,0,0,0,0,0,0,0,0,0,0,0,0,0,0,0,0,0,0,0,0,0,0,0,0,0,0,0,0,0,0,0,0,0,0,0,0,1,1,1,1,1,1,1,1,1,1,1,1,1,1,1,1,1,1,1,1,1,1,1,1,1,1,1,1,1,1,1,1,1,1,1,1,1,1,1,1,1,1,1,1,1,1,1,1,1,1,1,1,1,1,1,1,1,1,1,1,1,1,1,1,1,1,1,1,1,1,1,1,1,1,1,1,1,1,1,1,1,1,1,1,1,1,1,1,1,1,1,1,1,1,1,1,1,1,1,1,1,1,1,1,2,2,2,2,2,2,2,2,2,2,2,2,2,2,2,2,2,2,2,2,2,2,2,2,2,2,2,2,2,2,2,2,2,2,2,2,2,2,2,2,2,2,2,2,2,2,2,2,2,2,2,2,2,2,2,2,2,2,2,2,2,2,2,2,2,2,2,2,2,2,3,3,3,3,3,3,3,3,3,3,3,3,3,3,3,3,3,3,3,3,3,3,3,3,3,3,3,3,3,3,3,3,3,3,3,3,3,4,4,4,4,4,4,4,4,4,4,4,4,4,4,4,4,4,4,4,5,5,5,5,5,5,5,5,5,5,5,5,6,6,6,6,6,6,6,6,6,6,6,6,6,7,7,7,7,7,7,7,7,7,7,7,7,7,7,7,8,8,8,8,8,8,8,8,9,9,9,9,9,9,9,9,9,9,9,9,10,10,10,10,10,10,10,10,10,10,11,11,11,11,11,11,11,12,12,12,12,12,13,13,13,13,13,13,13,13,14,14,14,14,14,14,14,14,14,14,15,15,15,15,15,15,15,15,15,15,16,16,16,16,16,16,16,16,17,17,17,17,18,18,18,18,18,19,19,19,19,19,19,19,19,20,20,20,20,20,20,20,20,20,21,21,21,21,21,21,21,21,22,22,22,22,22,22,22,22,22,22,22,23,23,23,23,23,23,23,23,24,24,24,24,24,24,24,24,25,25,25,25,25,25,26,26,26,27,27,27,27,27,27,28,28,28,28,29,29,30,30,30,30,30,31,31,31,31,32,32,33,33,33,34,34,34,34,34,35,35,35,35,35,35,35,35,35,36,36,36,36,36,36,37,37,37,38,39,39,39,40,40,40,40,40,41,41,41,42,42,42,42,42,42,43,43,43,43,43,43,43,43,44,44,45,45,45,45,45,45,46,47,47,47,48,50,50,50,50,51,51,51,51,51,52,52,52,52,52,52,53,54,54,54,55,55,55,55,55,56,56,57,57,58,58,58,59,59,59,60,61,61,62,62,62,63,63,64,64,64,65,66,67,67,68,68,69,69,70,72,72,73,73,73,74,77,78,78,79,80,80,82,87,87,88,88]


Key-value pairs where key=driver_id and value=working days

{u'9e003a96a6aa5a9207530767c2a8b310': 26, u'acedcaee665d04c791bff1bf848af3a0': 52, u'e33e7bd3f983ccbc3014e3689b1062f7': 29, u'a53de9ae055503d13bbcd6e19c5c311e': 64, u'f2a9db857bbd5fe385ed59d8f2e89621': 61, u'bc8249da3b109151438a85d49300dd0f': 63, u'47d53cd40685a32d936cbde7760eb434': 75, u'22d43c4cd79a3cbab663d9eadd1e5995': 87, u'44b7669c8f7ec8b8e592f150c7ee7fa2': 81, u'e4f3a9d5cf57b9b518136afd9757f76d': 3, u'19029e596b5c3e45cc6b3cca0640fa58': 33, u'3474d70dfe09a1d9545f436cd3f3136a': 28, u'bde37c58877c64b6ce4b309dc2154bad': 21, u'914712bea449e20e1cd2e18c269481bf': 53, u'0c02bd2b09f7193103279ab9b760b777': 87, u'647bd8b8b02c285db177096a351f8e2c': 65, u'446ffe55730ace4059f02a4806018a08': 62, u'af39ba3a5cfaddc35f3c1f92bd860ca9': 67, u'd500e63eb4adbab2fb34140565ae4d20': 76, u'3dec7f876bb8b281df66b46469c79393': 73, u'7c64b8d49dd5fbe34f44a9b4bae0e7b4': 46, u'8c0d55bf42d242ac86f43c4031d6371f': 33, u'cdca9a75635698b016fdb75f95f561c0': 73, u'363f684a638dac345e67fbb78e492efc': 55, u'4d1e99b879de5fa11e3f5423416f0497': 36, u'2a4afd4ab156dd0a6a0dc48bdf5d8db7': 37, u'35c3b0390b6f80657c53fb46b13f0a9e': 42, u'6b0ba48a13c721f5fb766339a42d25f2': 61, u'ef3970fc96947901f21cb6dff853b8a8': 51, u'9b7b9829183e266882d4815d95357a1a': 18, u'c95f5d4bedbea37cf208fc3e70e7e75e': 77, u'e253f0cb570353173a73119dcc0e54d2': 46, u'6a190e3b2a68b2822a03fbd698f02604': 53, u'dae249fc394c9bdf02f7d8bb1ff55733': 70, u'ae08f3a379c6069211342d448f74b606': 66, u'8224c23bca05c2adb3fdf40752eb1b3c': 70, u'7dfa12ce1fc9cc58ec34fd66c75b106b': 43, u'9fa4b644d8b6ea510119808c37f22223': 6, u'85bfeb44e07b0d4e86c637353080289d': 48, u'0ca501b2a1d72e80e0d0cd2c25bdd124': 62, u'059ed570673c2d15ca11dd6b3a25513b': 39, u'579967d1572ee95c66ffa1ca4077b61a': 31, u'e8b60c6f666907603bb5d70aa8cc6c80': 49, u'415fbbda45a4a410e3122e3c992ace42': 56, u'b2d3f2fb171a12cac427107690c10089': 32, u'34699d5745d74c7076fd1ef051b795a9': 28, u'f0124196d19be156b58f64700fdac7e0': 66, u'b75fb275f65a39b9ae038a7593d91fcb': 60, u'f06398053a230bf914041eb897dc8d62': 12, u'329870cd7580c9efbc6b62073f89b90d': 54, u'32d6b6b2ad34385519bd4492ce78eee4': 40, u'40061a1bbba0ff209c889094d24f6032': 88, u'4eb382d1f7d50fae1294964263d1ce82': 81, u'9835cfed2c02bee16b5f0eeac3b4926a': 8, u'0938ed763cb3129ae63607aaf69daff5': 87, u'440abd26a1c60ce02351bf1823d2d46d': 74, u'31b451688ffc6f785c22bf74374507bc': 4, u'1936275dcb0942dc60a378839fae4730': 65, u'24708f36edaf58e1c50b06720b536b45': 80, u'2cc500616c927ce30d0bd1e87c699ef5': 63, u'455ec8a8532948fe2c5e308af37216a1': 29, u'fd831ca1d79ae5c6fc3a679a22e5b8cf': 16, u'53e554eb940176c64fa8ee10a394f835': 46, u'36df5bf5a89917fde3573e7c960c2097': 59, u'a746873c2f5431e9ac8e12c47a104115': 71, u'8a965bfa0851de76169b3206709ca943': 84, u'f129b4923a3e5d5f676a592a8e4b7efd': 55, u'33b7762088cf5b82b8fe6fc291f93b6b': 8, u'a632e60ee41d9aab624a6b7fd6269976': 59, u'e0e3594e7d43742458a79799c7a5dd6c': 82, u'f1b4411717c78f67380366c2a16a4d1e': 30, u'b7fbf53260861a5a9022b709abe4d584': 67, u'e246b5012a29db02ad24ce4b7e332b9b': 53, u'6eb562641c6e0074c14ac265153ccda6': 70, u'3bfb185b9491beb56fc10b6212c6c9c2': 80, u'66290b00f9756a4c6808035244a4b9f6': 55, u'7d8627729a14175b1424153ba46d7acf': 79, u'a6fe0a06612bc9d9fd3f7dc1fd9615f0': 76, u'cbba49117a03fd2f578022eab904dced': 73, u'fe469488a23d4bdda47b83a659dcc103': 71, u'6a4c652f46bc14c1c04eff3c67cabac0': 44, u'1f83b77c681720ce48d33c21083c27e0': 74, u'512ee3c7f8f9bfa6b7d3d824f5af228d': 73, u'93337ec6e89c26ff280f490dc3eb9042': 72, u'98a878a6fe557bf91236e6fc0413faba': 64, u'417055c67f5510da99ac623b02b87847': 4, u'b9912d7f760895a9a5f9e046a70e7d8e': 15, u'10d2c35bb4b440aa1eaf06d477ff27a6': 27, u'5420c76a41d255a40272c8f3c1f93c6a': 70, u'2ebb15757eae00c4c491f569ca1a72a4': 73, u'392f50e58bee8a34399972bf0cb175d3': 40, u'2ed0f3c071cdebf30186d2bf0a0c6151': 80, u'b66734bd849ac838a9c0830878837979': 65, u'fda96e6cd3395dfae3e59cd4ac95f7d7': 63, u'8dc9d28aa6ab0af5dcc98420a9bd65e0': 64, u'699c387896f72e990239cbee1d81ff95': 65, u'5e5bfc73736d6aa15ac33ea01d47e5ee': 17, u'fb83fc6555a4f700fd92630d9fcb9cea': 29, u'479c3dccc06056867dd10c7d9fa0f569': 89, u'a1a2b1b116fad0bfb521da9cf92df2b5': 52, u'cea2a4389f823240e8dfbc3ea95e42f0': 67, u'8c9a890f19a0ab28b745246162e449d7': 53, u'762db27fc4dd1e53dd4fa982ae2162b4': 70, u'7abb5ee55c03357b69af929f51443bb0': 59, u'd27b078b9f801a979bda2687ef91159a': 68, u'edca8abe7dd3a699bde27f9241e73dda': 37, u'3e66ede2d283842c643b6b623d0ca168': 37, u'b6c8c21a45ce574430158f6230d9e254': 44, u'eece82fe623b4bb335a9b9e20eb0ca54': 59, u'afb63eff111f81c66cc01a5c9f64f2a2': 50, u'23f2a72a48ef9f44301dbcfd69f8b3f0': 64, u'd31eded9263eab43f614eecc6a52a0f5': 48, u'91278ab4c7170ed070a5cd653cab3d26': 30, u'962f9787bc5b8dd06dbc2147c39ae15b': 51, u'ba78525b3444a3714174f4734720996a': 62, u'446b609957a142e8834dc88cebb7dee0': 47, u'b508b23b0c53f5e3ee71562e531a3a25': 61, u'bd26a8a5910f6c87aed2fcce32782fae': 12, u'1b51afba3b72e0259db160170f824f95': 75, u'3f79678c849eca6b438bb3d4bb59a5c6': 84, u'1925803c42c264e21fdcf0a35fbd2107': 70, u'19daceea26aeb211cb8bf28c8497b6c2': 66, u'173a168d2b8830525f59be85a35f0000': 17, u'8b0662c4244f85c5dd7ab46810ca6b04': 40, u'04d686ef2fba281e395992a28f14fdd3': 41, u'6bc4ee6df691c3bed34c69aa93964ee9': 45, u'2a289b5c712e32bfb651b126cbe4e5bb': 78, u'8c40d50720fcc5990329f7312d1ad327': 62, u'75ff47d4ba4bd4480629671a666500ba': 90, u'2422c0748699c412f9759b2897484061': 51, u'26efe85697b050171e2ac92d11f75605': 86, u'5c00ecb439cd4e2377e9bb3de84b0e74': 66, u'f7858e1e354a9fa26b3055bc12a4ee5b': 66, u'b14d2355eb3b7daf6b07c44a31fb23d4': 41, u'c97fa24cacdc7b092c81d9556d4a3aab': 66, u'd9b4803fb9c57a061205f7376aed60a5': 60, u'9857a5bc59036a73f9261ea694bc002a': 51, u'bf0a8a6ddc179a9466082343c5862904': 36, u'25827d13d5d988125ef4cc8a2ea3ddc1': 43, u'9c5a3250d9f6e6537b3b076b26ce16cb': 89, u'1d789a00290ec2e8a4ae1c704f671caf': 76, u'86a1dbd33d3ee6d68caa25966a2868a3': 58, u'ce5b4b1624afd0dd514e8997a2a1ff1d': 16, u'1e836fdeba5bcacf45438c08bfcf4fa3': 61, u'c8f03786f7e1b205a9d38722fc3651e6': 82, u'eef12344364d2a2e1e2d581287cf9cd8': 78, u'4bcc817c8aba8c5569e370b238831e77': 39, u'8b09ef45562214f00e7c11ed16d70dc8': 74, u'336a98815390e16a5661d2570374d448': 86, u'9a54684a69721c1075c2af5fc077665b': 46, u'987f45c1c19d83fcf3295828771c10f7': 70, u'8a86bdb56cb975c786e47cb256838ed6': 65, u'fb903879c556260ae2604ae0c45cb92a': 48, u'10ab4d373b29fb6ee31ae2b7b39fc574': 21, u'21eb2a893ddf647ee9d307d873a697b7': 45, u'93fb5779620ce28dea9cb83cbb25ff9b': 55, u'7553628edc729ab03cedd3ded8de8736': 25, u'1c95fcac4de21d077072da1ea1705eb5': 4, u'b8df3a1ffca045016321353536ac86cf': 4, u'07dd442e3e0b9f0f9b0d69c7b47cbb06': 74, u'da436a25d31e42fa12c800bacf3d8032': 5, u'f696de645de36b56677457d2d3136524': 57, u'38510028b6d34d1b1339fa4e70783563': 70, u'9c8968198038d0ce08f8066275480e62': 67, u'5a22303ccd79309f5324acc7b0e751bf': 45, u'fd39748ba122e84e9ac492e6fb7c7a05': 70, u'7ad917215da937eefdf48e3c9d3fcf26': 57, u'1b9ddecea8eb99bc37f9b0711546f1c0': 67, u'c9b9fc54bf7c8edcbe35b1091f38cf0f': 46, u'1cf95d6dd025d792340b623bcff18260': 43, u'14183e69946d782c92eb53b3c6eeb86f': 79, u'f758703e18f588f2370783f8b779e664': 31, u'7419cd5c573ff9994c0f8ff5d92b4408': 56, u'ddf9fad53fff9a2f2ded181e1144b47f': 15, u'cb5ecf234f7492c867bfa875a2c677b5': 77, u'290c05b6d7e38c64bae2535b5d1d27f2': 72, u'df9ab418e87b21319bdfe389a4552e08': 42, u'f54b6feed73d306d44d8fba250bafea8': 81, u'671a36a580dd94c6a80d0dbe7fcaeabc': 42, u'02d6a6b8a6da15fc219a9570f7ebbe78': 51, u'3fcdb7a637be76b45ad806d4f832c966': 66, u'f5efba2f8019f9eff955fa20312d0639': 77, u'a324cc0a17ed8b72ef62b06a021224a2': 73, u'3b6ae24dc593e6609bf90a1b80630439': 21, u'c1e9b11fb4591a922e98ed4c46063b6a': 45, u'2f3773bd9dab0fa3e04c6f58dc0714a4': 61, u'94ab22994e3ee32eb32f515563197296': 77, u'90a155db6f98de56ed6baaeccb5aafdd': 24, u'a3e28ae11607ad68dedbc2baff2210e2': 16, u'850de9129410d40c2875418eb40858b9': 45, u'bb2993a27d213c0eefab695ef0214fa9': 58, u'5ccc0e6dc9c7475caf785cdce7b8eb7a': 82, u'7062cc9432dba19f5b474be707a73525': 33, u'e1970a13e4fbb03fee21f66f7a97f5eb': 65, u'99e15cb3381c646df2619a95cf805743': 69, u'eedb2d3b82cd4276804c339cae45fef4': 65, u'6f107d977e357e3d22036cc447b354b0': 87, u'f467b8de5a37d9a818c0cbb557089c55': 38, u'84e1a98ccf46774bc4f5c6374079dc07': 11, u'71a4cd7ad9005409dc1bef838b488e6b': 59, u'80f8e8eb5eac6dd41259ccc73993aff6': 47, u'6c9d732cd0560af6e8939ac97bdd78d2': 88, u'66f7bc876e24e26c5d71cb9a2a0e1222': 81, u'98a7f586f974550506502f52e47700f5': 35, u'b5d89a7f152103c9fc981e3990e9fc86': 63, u'25061f5683655c7cc6e503eb0383c96e': 68, u'3b7f314bfe75abaa6718399d534ccf47': 86, u'77c589b9398709f398778a0ff368e00e': 57, u'4008627b85a36afa46e22ecf513fc699': 46, u'ed0c7d2a0d5f60d527c0c3643495ddca': 30, u'cdab4b0c1ece5d2bc1d671ef6bf21382': 43, u'e065a88039052c0f4e552886fab4d99f': 66, u'dfe29c1db80f470f4fa8046bc7e5d8a0': 56, u'67129f4eb32604d9e420da5bf6bb2469': 76, u'5479187ed46c2c87abacde90f4d8ed6f': 78, u'35fa59db20f02b89264c5a97b94d7785': 59, u'd2fe91351bb890ca8ea9b76201b05964': 23, u'dca7c0d776c64df418bf3b63756927c2': 15, u'7a1fd3df8aa8197bdb3be8c5d4ffa92d': 40, u'a7638b7beea5715330ac956372522b07': 28, u'48e49f85bb962b1f77ed152cc32dcd0a': 58, u'8d3740598109bb310e6244ecc1971a85': 41, u'16cd1e08be52741e1516cade45ae7754': 32, u'7481015e6b377191f3b1531bc74e6908': 25, u'ccf0631bc6ad481b3d7becb69564f61b': 16, u'ffff51a71f2f185ec5e97d59dbcd7a78': 54, u'9760cb1c8a14d3fcf527631acabee35c': 55, u'4125bef57464803d018cacc1d3f08f74': 56, u'876e3742e4165313e3be9ca7ff4e41b2': 71, u'5718c878f7879770af94d41951431983': 45, u'de9e048c789a0ddc487baae5929f51f9': 81, u'96d7ab03f9156154f6f2144263a85579': 65, u'7ee801015b6ba9dc0aa2687cb28b8361': 56, u'0efa2b92642c1e6db77406bb3761baf4': 54, u'775a910a05bbc12a236ec64d4109c37b': 43, u'68a84d00f61c9fd6900cd12e662d43fa': 80, u'fbe0433e5b1a3db9dc9d6ed21efc6148': 42, u'01674381af7edd264113d4e6ed55ecda': 56, u'419eef26d8db5ccac04bf5d87af8059a': 51, u'905f8007cd46415eba8b9dce088b4395': 36, u'9da29e218f6be3ea257d35f98eee1088': 60, u'881527a718b502bacbd04b6f45fcc2fc': 16, u'f9aa6d69d74e786544027a1ab3049f44': 58, u'eef2e2ad223c5c824565b3d98086e7fc': 79, u'bdca40c895def7985563060c5dcbd0ca': 27, u'cc2186bc2bd14948eb9b490d14fcd686': 11, u'8ef80bf59ceefb3fef9d41a5c66eff35': 62, u'a9af04859e568ded6758279d805c56e8': 53, u'3babf7dbd39edd11603dcd53e50dc050': 34, u'6cb35e276085548f3f095a85aa63af7b': 29, u'0e7f0f05c7e193b1774c2e5713741cd4': 83, u'3575446a7484516f5593add3ddd37451': 70, u'3c69563a9561f995598ed81f1f5c331a': 73, u'646eba049df90f6bca2f51ce20004ac4': 66, u'6a0b94ec26ca0805f971c293a9603887': 71, u'de5fed97bda5c8aeca0d5c6a47f2deec': 77, u'943db956d9c6ccf01435211d99568f15': 73, u'b66b0833b679faefba66e3f1b9eb579b': 78, u'd4867a7af060ee2a814c6be63b48473a': 67, u'ed1aeb39f5da7d42d10a92653319b951': 72, u'bb2984ebd891be82156fff038a85aafa': 44, u'fc83b793850ea70d9e898afd0b3ef592': 72, u'2d42e6d775b4399a56b71c2f3d6905ab': 87, u'9f1b385dd82b5a43f98660a99747e3cc': 58, u'3af5c66b6800650cebac636822ac14c7': 62, u'554a4f92c47ec3280d3ca64f5250b023': 50, u'99e05511bd051039630e0ee9d311afbc': 60, u'23017e4c03d224c89b5e3a0550e1bd9f': 86, u'08a1491d6a804e0af969f08252ddbbd8': 71, u'a533ee906b3e68bcd03e3e2888a844a8': 84, u'ec78920915122cbe500fcb475a8fb5d3': 49, u'bd5cea890904311cd874773b13255406': 50, u'a21d85d9c18b9589f82a618f0531ecac': 71, u'1eb30783865c10a8abc395e1b73bd578': 28, u'3857da988688981b67c878fc179eb0dc': 64, u'0430df9a3eb327122c57ee3a64765000': 8, u'654c3e2ff69e4d6c9569212cbaf7af07': 48, u'e225e4363d4ef824640866378d49a878': 61, u'dccfed81fccb496e10c26074253a1330': 78, u'aab4ab866a771d21006a07cfff585eff': 44, u'b7b0b507d966d1e1735ecaaf0c3ed5b6': 58, u'c95b96b3d38fbf45da2bc43db49861c5': 73, u'cacd66f64a54dca26e17f19a6344c369': 66, u'569271b82c506166a23ffcfbf6f854f2': 46, u'297e507cc9f1da096e51c2223657255b': 50, u'fffecccc49436c5389075b13209f0dfa': 51, u'2d4c69afb7ac569a35a1c15fcecc1cb0': 73, u'd093196b2758f39a4548faed9e365d89': 52, u'5fce375e4e5c673c29e652df1ac0b903': 88, u'b5b10e1d4132c7c1155f88aa00b9a5c5': 53, u'afc7a3f83a5e5cc87136bceacceed8af': 45, u'2da7874cc42c3c94f157bd3fd78369b6': 82, u'42256e33936dfa69088f540a720edc97': 22, u'e8efeab7179493aca6effda3bf21833e': 56, u'87b493b5ff1b807c2320801fcd16ac26': 71, u'6c56118b534a5b446d1fd0eab7dc9b19': 19, u'add2977c3e55ba8475f60054a75a8b14': 10, u'49803452ad1a68e87b448f5129276bc2': 66, u'a12d788b7cd01f696bb5ebf28fa739cc': 87, u'a22aad223462e8196b76f259752ccee4': 82, u'ec1637dbd16bb38ec0b5a93c14373364': 58, u'03f2b5c74cb89f39e58711699e76bf39': 76, u'b7bd34f3d587ea950dabfd4ac7781f2f': 88, u'd952de85df73349f0280fbb2345148ae': 29, u'35db61ddf8e29d55a2d355ed0f9166d8': 82, u'3a52faf7577b389cbe9912652cbad33c': 88, u'1e9570c1846c0f79c1ec103f608bc8ee': 43, u'5cff9e4588a1d8b4b0fd703c4720421b': 79, u'af452fac966efa9d089953c99045bb20': 65, u'dc5fe88ac0b99e77e8630795cfc16981': 73, u'e121472f6b4dd372dfceb87c7e30cbac': 48, u'1682c469cb12aa06b06d93ab87c3836a': 66, u'785d6109caeb2f53c0628c37b20d91cb': 60, u'30e91f4104a6b5b0450588d8febddd93': 48, u'a741036dcc0164fabc9155e11816f7c3': 56, u'162441a5f1b85a5c3780686296c3bc75': 48, u'490a37e876eb5d48f8e56e0d99461b04': 52, u'28e4da66781b209cd9a299365a0dcab0': 46, u'443cf8f9119a8fc409780159c46d2de7': 77, u'fd2130d0d215069168dc2f79c1f5ae44': 79, u'548a85a2fbb4986fd7a632566e8cb9c3': 33, u'94699541835b03d2a18e265299c11213': 57, u'c0640121b56458ccc0d2892067bc463b': 70, u'e91240606aaab23860bfba718c858d30': 45, u'1a2af09b492ba2519c5b4aec478642a7': 83, u'2c130ea88372d326fb1a0719227627e3': 56, u'844e9be5a30d8d9c1f8e9ddb086ff717': 72, u'eeb00fe9de3e348006f6f7128e6cf4e3': 87, u'8eb2f1fd0858319b86b9e44b64660eb6': 79, u'7023bf0fa91bea71ae7bfa2481fb5b90': 85, u'af74473d8f38c0c3e8cba5b72f747281': 72, u'57c15602f0b088ce6b9e4f88edce149c': 31, u'3788dc9e91f1548816ce8b5af07ddadc': 61, u'387fb3e0e515f38826f70eb475a3bfb6': 71, u'51b528390e8e7780595f6009b1f4cf72': 30, u'117ea72f13b43f0f4055b0472dcb6b1b': 17, u'0eff1404b137a5562642f0f706e59f25': 22, u'a84478867f4a6fb6450da1cb47458308': 86, u'17235b165b78a09be9cd7f9abc1e833a': 75, u'181396b71a4723deaa02c3dd3ffa9041': 25, u'8cd308e28e213e46e87c9dd9c5aa1466': 69, u'26dd952cf82f0d354e4007476748a1dc': 87, u'e76529a86a5efc221a88a6c91a75ea59': 68, u'4dc7656f389d5cfcd38bf7870c1ce3e6': 45, u'604097f005384ad20d982e7584f27c09': 28, u'34784d7e4e1ee4869f10d9abeb4ad3fa': 64, u'acd5d321f5a7e35ccc3bf80a2c744c36': 67, u'0656192a402808805282e60761bda088': 57, u'b7de2b55859abf8fb49bf393a5a2816a': 52, u'83ae2db3b59285394e07063a7d0d0512': 13, u'62c83d1a137771a5c82433c8b3f7fddb': 53, u'd876df0212e45f5a630b89f5a04532fa': 14, u'7bb464563d0d43f7f894439d163f4ad3': 52, u'46b9dc30efea1755f8ada69668793bf5': 33, u'afc352444f34fc17d988c3fdf916756b': 29, u'5943b68c2fa8bcfd0add30691fd9136b': 84, u'7ff85c5c0e9324e28d1e0d0589c364bd': 64, u'e58dab18de6e4134d8b232e57ce1d86e': 47, u'b97fd5240666a3c3ded13df9f73ca71d': 49, u'd3121b735af2bb94568c8070aaf05110': 82, u'acd7dc6118befb6724aa3752d1cdbea1': 26, u'f86eb77e1cefe28e9f0e9d3775fae261': 87, u'd7ecbe31d65faefa7c5314baafd6c4ce': 74, u'0f057c0c73054f569a59a0880b91cbb0': 82, u'f14169430d2a1ccb92266e8fb27b5bb7': 75, u'be34f66b259b110d8908297419741202': 48, u'9ac5116c46dc8515c0aec6f7153c6440': 56, u'da3325f424c71942ca8a3401615a0e6c': 55, u'4aa585f63fbe04dcded4019662cc47f8': 28, u'3155bb6b7fc081f2cccc4f50c9bea08e': 76, u'86f580ee80bb5a54e07595410d624108': 54, u'fed19d671569afe8a2f9fa0953dd25ca': 26, u'6ff443616dd01da842095c0939394baf': 44, u'19e1cdfeaf90239d8585e6a78136a403': 82, u'97332a03726c052b1283fdd36dbdeca4': 21, u'ee8b2edb7ef82ae69ccc57bba1889a40': 81, u'bf2693c5774a77e478e418119be97c5c': 14, u'336c8ec2eb47bc1453b85ee78849038e': 40, u'e08a1154c61bfa0adb7a029eed7df122': 21, u'7da41cde0e0d0503549eeb7ca5609a9f': 12, u'0afc0241296972b583debd7c5f5c707c': 80, u'3e8d06b82eb75b584564ce66217b3514': 34, u'6b65c06851e944351dd285a1eb729499': 49, u'b13f722977cced9ee6d2ad25e8761583': 44, u'daddf0bdb8874309dd07bd9d91396166': 52, u'733e0653a13dd43c9b668b1825a2fecc': 57, u'1989ad384dd8ab8f43fd19822c36aeac': 87, u'fe35f74209d1056dd315ddb17681203d': 81, u'39a7bc235caf53556b15dd28ab5a7157': 55, u'a2f170312615f7d2d41b80da4d5d7a72': 45, u'370e9f95700973dd95508e2f39b2bd29': 20, u'4e9bcae1e2305fe1e6b215cb82833e97': 76, u'9e291e9ae23649f498e166278c16344a': 77, u'274a1e97df854e1590ae812ca9ee5ac7': 85, u'c12c2eb875879488e687111335a12805': 88, u'97c0a0888afa9dcadc73386abcacd350': 72, u'9dc512e71a0f206687f60b8bfc405050': 57, u'7aee4951b59fcd1edda02bbecaa2a717': 31, u'4f06c1412e8f2c16c96abb053997112f': 52, u'cfa62004631bfdbb0d9f842d69cc502d': 74, u'0b10af0ede0648dbe6ae05813c5cbf1b': 28, u'7287a688775698a457a560e1133aee0a': 57, u'180284a755fb939181db32b838fd0720': 47, u'55bec90600d21bd3513366d218f2b2f2': 47, u'5dd7009f3d7f049d3e38b155ecd3a24e': 74, u'06c848ab3a7fc5421e82e98850a81710': 67, u'60f73dcab4a99269b597381b4958391f': 47, u'72118f61d16a22814cfe01fcffd0659f': 69, u'a95c73a18090636ec3a8033e8a6034c5': 58, u'd1b2185245eeac47821e98471c915947': 39, u'7c27405cefee2fad79a81a819ca9dbe1': 89, u'faebff3d5429ff2036c125a91df765c8': 28, u'021e5cd15ef0bb3ec20a12af99e142b3': 49, u'838495eb3f025e512228480eae127522': 8, u'895c14bfd7d1e2c26aee6938703f32f8': 21, u'a4401d3bb25a651812f6781fcce5df77': 65, u'8969d175c4676642b245af55d2dba19b': 15, u'67771fd10458c38391b55774826e4c34': 53, u'036f3d94e7c65e4e3574822d31c72656': 76, u'e3306c36e5fe929405591869e0ee98d5': 63, u'60a524518de0ab4261b0e71ee7011d64': 74, u'2db4e5237ec8a271bd6269b5ddc9b422': 64, u'b1adb42b262bed41aeab28e9f6e93633': 42, u'2231ec7a993e7ce92f79588ccc405e21': 49, u'7f4350f4a358ac264ccf3b10c4966afc': 78, u'94731f1d1f9180223445e77690aefc03': 69, u'187a5227c531151abd112eef1d104301': 83, u'cd970d2e7d3034e5946e71db0b4869c5': 79, u'766fea0c4f0b265fe9ac9e1e4ec64ad7': 52, u'531a726b5b0c925a1aa24b5a9d5ac333': 82, u'6c0555804ebade45096a199f932e949e': 49, u'4e1fa948dc5295202fa8b7f8062b0d28': 43, u'bf87c4b14479e823c1ce554606f6fdd6': 70, u'c1909690dc34d322b9483c10cb1a533a': 54, u'8da0796b60fa75a5ced6d1c3bf1f3064': 70, u'e1b7e1ea030de78f88501a832cb007b2': 53, u'456467f01492ee1aeb7707de5c725f1c': 66, u'7c8d33cc16246462e046ed084f7428a4': 60, u'a2334fdb829cf96fbae920df0cce1587': 2, u'7596061dc6e3a61ec35e0307bf423838': 55, u'9d59581a50c97cf28d30f80cc77dd76c': 74, u'68b546b2f4102641d6774c1ce4f57457': 1, u'37ac4f9379c836b08c9a6e2315fd66af': 50, u'44198b15df35d0827ebef271b6264727': 65, u'1127af601413f32c08e2a89447e5f3b9': 81, u'15e0ade28a7d24026b2fe91ef528ddf5': 89, u'74de6f7e57690a1687935227360edf7f': 51, u'5cb230875b1a38b725085246444ffd0c': 66, u'74d1c00ab5098202337a91c936b6e080': 75, u'a8bf411134a27779046e2f7ed3b2e1cf': 60, u'06b1ba06e5505f8218ec8686498f990a': 13, u'944e9726e57e8c379049dba4bdabb05b': 67, u'5b33db9198566d3fcc5aa0bdeb435d2a': 46, u'1c4312919166a0e7cefe6b3ddf1ec9c6': 43, u'03f5278eb43475aa6790f5be32463755': 73, u'633310975f38cbaf67eb5043b4c6c77c': 83, u'5ae3c8ba3ae2b9230664674dadf8535a': 38, u'314d2be0d3461375f9e9ecf56b2b04ee': 13, u'75d8798826340198f4fd204ed31336ed': 53, u'39eedffe18d7ec6c53741f9d46c7ab51': 56, u'ff419a3476e21e269e340b5f1f05414e': 61, u'6cdff0516a17236168522e0a270f4671': 32, u'2494554e7702a28816717bc0cbf7d57b': 55, u'a9dc82f0789aee809c81669dc768ced0': 79, u'750b2b9e0f4caa4539c2553a4d04fb6b': 44, u'cdfff0fd9f4511931eff58f549fffc12': 80, u'46e1da1c7fe0602747beb9fe6bbaf037': 60, u'6b941e22c8f9b2f159cce49fef9febff': 39, u'e8d73d55baeb522ef8843cb54cd08df0': 85, u'a33de78c73e2b157118fc745e8c2214d': 59, u'3d2fa009a9f144706ad28ec9348f5960': 82, u'0213f8b59219e32142711992ca4ec01f': 30, u'118be60e268514eb85f66ddb82bfa407': 22, u'a69bbe711400a8eaf17206a9d2b4f26a': 43, u'6a464f9c764040d89517cb5ed9257953': 32, u'915b7e1b8cdd0e1bf9826e8ae91706b4': 32, u'bd2433d45fc8dcd1c1d01d9c20ca357b': 80, u'bd9366761825d97d4c79c2c61638318b': 86, u'e4038e6006053cadf0bb2f8795e6c9eb': 63, u'2f29fdfd281552870b7f07152889e0fb': 82, u'459af73e5a9d360ff51cf284c571f01b': 19, u'4c5f4c8887459671e65b68826fe750c3': 70, u'392e07cd00f38f357ae73795619fd0e3': 60, u'e61357801b8cc7a4b40cf736e6890972': 45, u'f0df79d10df44f18742682108b17f60a': 88, u'7b8eaf284addb604039c7e22d23c903f': 67, u'd6277e6596f855c87627312e947e4f9c': 76, u'309320204754c3eeb2577949e870fe2d': 78, u'56bda1ed3f3299ff6e8465398a498a5b': 45, u'028b5a4dcd7f4924ebfabcf2e814c014': 51, u'186d02f3ae489428440a352e3fe503a4': 50, u'f17cfca756365f6863a241ea96ab9f75': 71, u'987c2e7dfc9a93697b8dfd030487ff01': 63, u'11506b81721ca68ef019764de3d8edbd': 63, u'773555b1cf65c9fa882fd9f6c50f44d4': 44, u'36de1e085fbd8f354dd3192571cece32': 68, u'2b77329ac116a3d1a5334c3fd54bd499': 88, u'1805f90c5220ac830835df3309a76e78': 63, u'236af2c3c395a20fd53696a5634abd7b': 87, u'1936720ce0900cbff6d9114328c84bee': 63, u'956942174fc793c4bfb6fffc4b3c1c7b': 89, u'4af6c062ca397fd6b7bd2fb2a91e5964': 37, u'b2b3c6614a4a317bdfb7a57ae8a1687d': 44, u'62aa54591b22be467c5a36356f96915b': 45, u'd9ef4b835e202c9b24315b999894362a': 56, u'685a660507aba9066865ebfd62c48451': 35, u'2e882efad8288189f654defcd3dbcd64': 63, u'dc9a5809e396367a5a0767ac9226a64f': 15, u'113d6a61dd3bd21e5bc39bc19197f0f4': 81, u'e38156350137c3a0df6b4b43c002ce0b': 62, u'd54674169d8b98851d54d79405c5d261': 84, u'3f82d353964869022a995e87b480a901': 82, u'689bdf87fb2de49f98bf4946cfaa5068': 84, u'62a95561a6b12acbf809772553ba1462': 46, u'281274ed70a896744065199c58462f3d': 29, u'3b2dca5cc3db92a05ea35056887108b6': 5, u'9cb8155c8eac12669e18a89a2971a8d1': 66, u'9ebbe10ae57214da77ecc43f6a84caf0': 76, u'a2bdf1915008a135e5ddaf8cf110adf9': 44, u'd60d9f944d86cc7539bb6b7a11646149': 78, u'ab76a5e04d9126c2070bf84ac419f80e': 45, u'5f34c8fc5bdd33f14bb71999b8286aef': 18, u'9a2b695c70ad62abcb4323d7e9a4b6cb': 23, u'4705afcfaac4e4bd293f613e3b01598f': 61, u'6f739a076d7ba8ca414334af995fc44c': 67, u'22ca9510a0c0d97ba66750530ee0e914': 61, u'4952bdd8850792b72466848cb4930f10': 51, u'65b885fb53d0d952ed5be174c9c2d76d': 81, u'011e5c5dfc5c2c92501b8b24d47509bc': 68, u'5a880bc9cddbb3845438de87f859c360': 67, u'4742b3f8432af0165e291edc6b8c5e53': 40, u'4f3187e47f035afbd77a00d4cd536d7f': 87, u'd1576672b9ddf17e405ad295e66048ba': 20, u'581129294fc7d1f43a4d1a372515dfaa': 70, u'f395649fb47860aebc4817c7a6ea90e6': 46, u'c8932c12e8ac6691d5c7c27ba8ecb967': 67, u'f4b761ebd4f310f03e5e7f79b925ef4f': 52, u'1f8e4a81c9da3260c84f14483319a338': 44, u'ef3e90cd957439dcf1a2afcfc4b0cad7': 61, u'434adfc83c625f393595207cfff91ef2': 48, u'e0a98706329350c48ea450d1705bdd86': 83, u'29ca037d71b4a5934ae4528d050daeef': 72, u'b9926f42a5fd6cc0c455fe59a21961ab': 45, u'c8b0c99b2c6537769427fe4eec396e55': 64, u'8f325f86996ff57a0006add6cb623e19': 82, u'f98673773627b4b8d152e2b168b85bb2': 35, u'50eadd94fd0152fd0638a915061c4c94': 74, u'804ea124edb0d6694aa4a3c9eb22a716': 43, u'cad3107b4ec2400c662cd8eab4e20026': 73, u'80597153cf2bec000612ba2e45a72d91': 80, u'80cb80668a3c444e3e8962d1c861b9d0': 58, u'402ce9ac2db62fcb5fe29ba1d40566c7': 77, u'706466935b9e1d04e4e116be7ce90ea9': 43, u'7708f393e874acbdd44bbf47c9a328e9': 63, u'5e37e705afb774452ab30d20b9561a0f': 57, u'b93ff367c79f79437eb5b70dc00a33bb': 75, u'9c0158ebe58592fdb3d18fb9c4623db7': 67, u'6580de4a0be125c140c30436c7c2c988': 49, u'758f6d309376d24b53da45e91cf778cd': 87, u'2aa41b072dc16081ebe60ad5b17f5a4c': 79, u'225fb2558cee416b136c9c9231824580': 69, u'34e2c40d9d6f01ec4a0ffed4b032ec1e': 56, u'7f47fd2db9cfdc30fe46068ad017152b': 41, u'3a1d9fb7a8cfd55ae38d1b4fb1520d1f': 42, u'c284230ecd0f82b79b99e8326bc62c6b': 79, u'e2dc374288c7edd10ce6647a8e6ae548': 74, u'583740d998ccdf639276e797a6caa9df': 47, u'ec91bf40df64a813b83c67f46118de37': 61, u'f91254f1c1b3112ef3464e477d23c9e8': 35, u'4e83cce03deeca174a87faaa046a4750': 78, u'810c559baf6b5c20dca13b794fb36240': 68, u'a3c39ee40d7bb0ab8e49efc44cb6735c': 88, u'8d5a99f2032a336a57222948915edf09': 70, u'05addf442c147875efa5cf53453ad47b': 79, u'4b52c260ac5817566e61009e4bd23329': 56, u'7abb74e551c262a945929b92e0551b04': 35, u'691b99ebc7251c00edc12eab9232c0c4': 56, u'9c67faa1ab5de24e6d9c60bf7705f658': 82, u'2e5d7b104b570a5cf450f6825880c9dc': 41, u'1c44fab20b7f0804c11d88dc0554edf4': 28, u'dddf432269175b67f5d9c55c3b36bdef': 45, u'ded0963ff2f6582b382b72de6f123a08': 70, u'0d53c0441daccbb9022ccdcd2a58c7f7': 43, u'8dfea9e24286290d2f59f5b51f00b6c2': 27, u'7b625f643d0775f0ac4898e33235377b': 15, u'55d7b17732745057aff29fcd0ce13014': 28, u'400daded5197f955191887cd567338ee': 29, u'ddee9dcc776c7b87e68628ffa0f99dc7': 47, u'7c1478b12207107ae4296e656a49d6f6': 37, u'e1d2df8059744cac678fbdc113e9e697': 17, u'eb48fcd046d9d869a6c6eccd90392480': 64, u'687ab6ec9da9f17ebd4d8665d1988e0f': 52, u'12933735316b452a5bc6a933d1a38124': 61, u'2b4078909534095c15f578c588667bc9': 8, u'c07499b5a6f1090f2fb263ec6ac0660c': 86, u'e67fc482899bea76fa32d6274607140d': 50, u'6f9156b8af78f1e7f4ce971b50cacf29': 56, u'a909251d04212c2b8d369aa619c13ddf': 37, u'7fcca181f46acfa027ea83c7dc70afa9': 63, u'd7ae05b007ca320a0d1fb128ccced638': 57, u'af4bae4a0b7a75194dbd4951c78bb98a': 12, u'844d41532242b64d8f19774b6b7f1c82': 64, u'b5275d250226cf29df0164d0f62d5ba7': 82, u'8b688ef44a5b17bd7150350d059e67ea': 72, u'bd34a715eef595600ffb4f683ca04e64': 82, u'100979abe35f7761f333bb7e63649767': 76, u'3caf85a7d6b8f5615fbc21e8310af584': 58, u'a6505f04908e487e37c61c2a2a582eaf': 47, u'156a150f1dbafbb01a786a5f45bdd7b6': 27, u'c1d662bc81ade6c9a1ec161b3076b27e': 89, u'a7ae2d9768b3eddb584395f2d984b3a2': 66, u'039da9c077e17af98ca8530e4d7975f1': 53, u'ff714a67ba8c6a108261cd81e3b77f3a': 81, u'65bacc9ccdbaf8341a7232d5cfdbb0bf': 43, u'9494350df132e6748afca3bc5d138dcc': 43, u'cf6f95dab8e87ebc3405e8b6fc02137e': 56, u'8c38fce0915fbb7d816e19c3ecda64fb': 65, u'849726bb431c44a984e5f0f60923a0ff': 26, u'dc39121d4440ef9d34bb2cfac0f1bf2f': 86, u'276f6a36e30c69076c4cab7970ade946': 9, u'd787d7b7e3798edd7498b9cbd9b59206': 8, u'1c6e8fbca23da68279d93b2de6eaa3d1': 55, u'24b79c598cb070bf049057bd529d3c86': 82, u'cf27028c2fe4a9fe00795d0d4dd23a18': 79, u'7473815d8eb56f765461525f1bf48c93': 38, u'8dbfef11a650dd9658ca0c6f70b84f88': 89, u'4343b3dc4ad77e98d38808b64003bee0': 53, u'10570128e114c22b855f1155b88fb379': 59, u'5a4306be3d5e1d5481e9237d2d211cb6': 64, u'd967f5296732fa55266b5f1314e7447b': 78, u'68c4e63e9663a4bd8d4e435601a26a37': 53, u'07e6a2fdaadc640cca9a7bec41351065': 36, u'764289a2931fb70d1d27d5603d49edd2': 25, u'cae89a5674ccf4bb1a78708926697f8b': 69, u'734e463e87289ed53edf3802a2cda9fe': 69, u'e9651415a968663e49b62c29e5d89137': 73, u'c97e3d0c075030df5478bf3e679f97bd': 51, u'd28f88b9d68ac9a2c0586728bdc91bcf': 79, u'a0b52413e2eedcc5ca6f31d53ab1a96c': 39, u'183336ca67d3257c34cb80c9bd4dfb34': 66, u'e72a4e847306ddfd0540d630c79b33e4': 14, u'af8cad352c24bda90b2a5d07e1049181': 46, u'370412f2a2747c1fdf8e807374c04a3d': 70, u'4d40cd073132f01ccef7027f70890b6d': 53, u'44509b1a5d4f1ad8350076d754ab1cb5': 79, u'cfa9233eafdbccac8d2a864b0df390d4': 27, u'4dd633c46b8d78842b1e9dfb7f6a60e7': 71, u'5e6bd3186b283c4e430332e1a3dd1b2e': 53, u'215263f9135bdd22b0e41659046b150d': 74, u'a7fa04a6b4111cac92989ac266ec40d2': 31, u'72741692a0ac3fbd22820b0b278c4040': 80, u'de0746635475c2be3d26489184659460': 46, u'585b09e7ee2164f95b134866f3f412fb': 59, u'122972e7c73c944e744e6eca819d93e7': 24, u'7fc97bb967d4380b38e8490aceb85224': 49, u'd42d0642a28cb2d7415bc7176fdfcb9c': 73, u'7e335469ce82f86c20d06b06ccfa1da1': 80, u'272fc17e9698d95dda029e15b5546534': 80, u'89dab1d9f815cea34ce3612a6b7c0d51': 7, u'89b9947570bc59a6161fb5edea18b852': 44, u'163b1ac215580e695280d8f94c687ef4': 28, u'8b9b73cd6d63023caa38dbd25c1042cd': 86, u'fba8372d56b91b1bff7b71d970b5af58': 59, u'9e5b47cd6f31b05e75e92a427230ebdc': 78, u'fdff1a7205bc3b9ab1dc5dc223782fc5': 86, u'd0f374c7d36c93ba0772626d4c4e6f7a': 88, u'1d7bc6daa163020694e2a5e636b96a0d': 64, u'e0e76adfaac64932530b49127890139c': 87, u'50ec87212107552181f769bdc522b63d': 75, u'133c19880625cbe91986ee3c402866cd': 36, u'51a82cefe6d4e058ed392ea004572896': 49, u'46da643aa47256fef0822a2f288e115b': 51, u'220d2d2a94c58c0f7ee7cb1864d5f0c5': 61, u'abc63585621a8cc49099bc9dde677f27': 55, u'6e70c2024934874d052225a4466fb9c1': 88, u'fc3504d2efaaaa976a33b3c856927155': 63, u'0f346940b7c9dc770d408b1063ed2f81': 69, u'db63522a6a88af9b817df48e3f6bad15': 47, u'6455eac21c029b8d93ff09c2dffcea35': 80, u'4d10262d534bd366736dcabc8d37a3bb': 60, u'609970e669f2c55d69abc3cb117c47f6': 81, u'52bc8ebc7db90d5b77453bf475677ebd': 34, u'0abc4faab8bbdf4d62412655fe0a2398': 33, u'5ceff5a3983505de6d021403c6975079': 75, u'b572ff3bea0c3095a3a5d24db765dd42': 35, u'ce577ac73e9022772835abf8d37e91d5': 10, u'44e9f61af64c2d25412a0f4532ada63c': 13, u'8506914d35a1146dd602b68a93b5be5a': 66, u'6c5370105323176e4e88993943aa5b24': 73, u'2678d03ea513d10988818e77c5915b75': 67, u'007f0389f9c7b03ef97098422f902e62': 85, u'4a07b94db0ec6615f30ace6efd2a19cb': 59, u'e0449ff246754057062a6331c7a7b661': 69, u'a854b4bcf206030120913620bc664396': 59, u'e26a411f427d8387e1244ece6053c940': 66, u'58d8c3038cd500e773aff605e28ce8a7': 34, u'a3e6503d6fd14f55f5a7a7e993c06c0b': 50, u'148fb453d12992652b56d8bc2cfb1b78': 46, u'630559dc85053c746beafacbd590e8f0': 89, u'08b2b063cce8d02495c4b880293f153c': 67, u'8bda575d26a589024a4e62aeba352f93': 89, u'45ebd51300bd4bcc529a11a855827db4': 65, u'2a190f6b01dba26d00d3b644a268ba75': 78, u'b5b1d33f7a438b13f85fcc46cc248578': 66, u'052bba06c5fc0bdea4bc2f9cb92b37c7': 66, u'2ba51f9574a5c08327a718edada3e052': 18, u'20f5672c1b6a59b9d5ec09a34ad90e9b': 41, u'46fcd24790c5eae35fa517051024bfe7': 48, u'2ba60fe37b426385154d69d8eff687e1': 39, u'1110d496149d3d8c50276765924df831': 7, u'c7fa83cac784c0f6225cfe30bb96572b': 12, u'9b73a887dab36dc0a53f3308bc278a2e': 71, u'57c355d13a3bcfd36b3245d03f3f9d69': 45, u'b972617c1e490250b2dbcd3353fd436b': 70, u'4713aa4cef966a678af02897a0e74043': 49, u'5185567c0a5ec03eddbb003364c82b97': 51, u'aeda204ee39ccc79f22fe31ed73882ad': 13, u'ad6a8aef632e7684c3b1e1e9dc0f7d23': 4, u'ac3c378542ada7cfedc24720ef9e3273': 36, u'081d8ba3bc9a00a481df02bd9d0a4c53': 81, u'04c4ffa5a385eab86fa7e422263d2999': 30, u'ac51126328b559dd3872766d2455bba0': 40, u'e64f09e2fba9abd0daf0668bbcd7ae97': 56, u'24f805c6313acfbc2250cbfd90268b24': 78, u'9c5835247a252ab6275775341b502f4a': 87, u'c7de222dc1b99eddaa9a665687b94dc3': 64, u'4e428667c6bb84323046e5647dfdfff0': 20, u'5cfe569d448c9a5e120ce15611e7c779': 69, u'1d92784a09b1d1f85b05508e33261efb': 79, u'3f62bb3b6a5ccddae37ff2fe3bfb3efd': 45, u'72ca99bb6667024a23e1f68904b06fd0': 90, u'a5637a20ede3d6cb3be2d52d17d9174b': 85, u'8b87786b3a356550a4708f5ab3768792': 63, u'3777e15bb2eb838394a372e119d96462': 70, u'cc5b9b32417adab54115cc8eabc5695d': 51, u'002be0ffdc997bd5c50703158b7c2491': 86, u'fff482c704d36a1afe8b8978d5486283': 34, u'1ed175c60fdf7380fefc804bf4dd75f3': 43, u'2e4d5b1e1a62e56b3a8f887641379fe4': 78, u'6db38fccb3ac1de3981b701eb5a15d84': 55, u'9ded5e80238ea1cb8e923d3f3b03ccd4': 43, u'0152a2f305e71d26cc964f8d4411add9': 64, u'175540c364f94b6adbc0ce3541a3254a': 42, u'fde60697758e68d617f471e49f65db75': 5, u'ba5185bc3765e91878ea56a67f156acb': 42, u'b6ec72d2f14dcc90a4e7fd25bd12e9a7': 54, u'f1a2419d56c2a09edf4030caeebeb5b6': 24, u'7c4bcea05c14431c65ef1d9cfa20ecb1': 23, u'be22fe5992cb9557d7748113ea1f6057': 22, u'432754fe9722d008cd7328f34852de61': 32, u'fac81ea6cbd540c89c7eee17e851a233': 35, u'8902cda459f8ac02c38efb2815cf4026': 28, u'8046a7b32ff00f418c1bb410a67adf68': 44, u'793e2072826ee96904a5f03ae2357e96': 67, u'179ef343f855d34fa0262c720cdb9a52': 3, u'c5f1c362617932134aaf950f537061d4': 46, u'05bad02e08c7f849e91dc1259da8b4ec': 31, u'258e3bc5c82e3f687b4e999bc598374e': 55, u'89788880a732b675ba9cd9854adcf684': 57, u'6df6c8f8d3c2a93314245a604c02bed1': 37, u'0258e250ca195cc6258cbdc75aecd853': 61, u'3dad0a540eaab6fa876e4938d728efae': 72, u'c826130d392023b4c535431e2616e88b': 73, u'f193cf4d5de76b20688d759ea7c66312': 54, u'0822973f3e812a68a867962dbbd37f5d': 27, u'7476a4cdfe6cb9587f03db358dff548f': 78, u'6ccc2af7009dfea4572de788827ac5a1': 7, u'2f50e03ac03a920d1447b894643797f6': 35, u'd7e035984d4fba2d14bc37f1992a061f': 11, u'779747a77c043096f6428413f26d25dc': 44, u'edc891e47623366a2aaa2b1a32ae1fa1': 71, u'7960373dbd5c93b4a066b352fea600ee': 46, u'32b84f6d92b60badb7a8a6c47088151d': 37, u'81fe057f033eeba6b1472a8fce5c1fdb': 76, u'e02f0f208e1f02b7672ff2ed8bd1bcd3': 66, u'ace64b24a38208dc0712bc65314027ac': 46, u'a4463e077e248abcd96b8ee584e7fec5': 65, u'5bd37993cfff08be940348a466912238': 74, u'787fafc34f07b372b60981ccdc4018eb': 27, u'9e9d4402b1038d103b3add7271d9b8ca': 82, u'02e440f6c209206375833cef02e0cbae': 48, u'561593fc7dd18e6a78c6ad5e7eef0061': 73, u'95c1a153c7ec6b5623b8ef298010d2e9': 49, u'c6ea9e05de9e221aed059ccc8ad5f6bb': 75, u'5efe1190183936849880ece11b1ece77': 61, u'ac986e2a577103efe48b23cd17a4b6ed': 35, u'2b1f99b4f3360623da8fdcd39828122e': 67, u'ba3a4161ca111c8a2d39a1f1bffd3557': 66, u'7767360462c03c38f487f16f57b02e02': 28, u'c468a648519cd42da75e6aa9dadf733e': 86, u'e31ae4a7e10b56e18f3f988fe48acbcb': 85, u'c56b62b863a81370827e04d2c0a669a8': 57, u'e35d490b495edf857a448653e036bd44': 14, u'db9cf75a3edf5b1d38fdf560682cec48': 80, u'3f2ee0f16084bb99e8423807273c5816': 50, u'5f946639378f9e31eee8b927dd743949': 78, u'798b4cc659c984e8353c7a4f90936df1': 42, u'6241b9c147df1d0c7027321d4e1d53cf': 27, u'6f660e81330d77df19d4e3fb14b18730': 6, u'5cf93f7d1d3a8f0cf395c84053c31b1b': 39, u'6c1c6b6992a23fe80dc5377cba9cc2e4': 83, u'1aee4c95edf898beee1a8b49a1f898b0': 65, u'93587c4ead63454c615f4651e2841ba2': 78, u'b6b8068eea005094bf1eeab9c35c9c11': 72, u'fdbee494c73577d5b1266d1fec5c6c9a': 27, u'ea1f8d9a6f34043a8e8a3f78dbda7f9a': 70, u'da8f13b0ebc53fe1147d982f087b5806': 50, u'd6758947058995dbeeabc5e812c00cea': 52, u'378f8bfcef6759b1e6b0e66b04424f54': 84, u'a60115fe0ec8c0e2d4fb8958a28567f6': 51, u'299507a03373935d7a89a9fd6a6c0e46': 75, u'83a0efd007f4db8f0b7db5753d80fd87': 19, u'039c5afbca8e03e4c18d9c8ea94140ac': 61, u'3b87648d266e62600ff719b691fd8562': 71, u'367091701b7a57ef3e93c9fe2f6d3b3c': 39, u'55d70545197fd2c5cc68f14f3d5d6585': 57, u'df11122e91571fcd91143da33fd3542a': 14, u'514da6a81ecbe7cd98fc71045c66aae1': 31, u'619fb670865cb3e2583cc22fde1337f1': 56, u'6641cc5d8221699e7db3376fea5587ba': 47, u'd499ea144d46d394e7ece7dc53e9fd41': 88, u'1674103b16c39ab56a76884b7c2ca83e': 54, u'9b665130b27de44f369a44b2cb752670': 26, u'6eb2e0f41fc9f1fbb70e7751035fdf87': 1, u'b0b60bc559f123caa41ae1e002243c3c': 44, u'bd057e02f75c92917389d90bb215fe91': 1, u'64e245c2e3f5c7658bc062e9840c04dc': 44, u'922214b02f8dfbde50e8cdaa187dfd47': 88, u'bd2cf0eb59f96babbb13b724d8d77b12': 72, u'8a64fa582ad5ac3bce95a38756b1875c': 57, u'1340d44ca7946f4192cd80d8f47ce99b': 52, u'e610084768b3d8313be3a7dd22e5e5e7': 19, u'8a7d9195606bdc9bd5305f6bb300e1de': 80, u'4af132c905d92d74454ca4934ee2450a': 73, u'34c0cce7c3c34f9f6062b697637890b2': 46, u'e0493acb44c53e68e3c3aca626cd466b': 25, u'0b631e16fa61f7321da18cf35a076d5f': 74}
